0 0 9.845108e+00 2.088469e+01 -2.264823e+03 1.000000e+00 0.000000e+00 0.000000e+00 0.000000e+00 4.000000e+01 7.998699e+01 1.732102e+01 1.513010e+02 1.513010e+02 4.747578e+03
1 0 -4.922554e+00 -1.044235e+01 -2.313802e+03 1.000000e+00 0.000000e+00 0.000000e+00 0.000000e+00 4.000000e+01 7.998699e+01 1.732102e+01 1.513010e+02 1.513010e+02 4.747578e+03
1 0 -4.922554e+00 -1.044235e+01 -2.215844e+03 1.000000e+00 0.000000e+00 0.000000e+00 0.000000e+00 4.000000e+01 7.998699e+01 1.732102e+01 1.513010e+02 1.513010e+02 4.747578e+03
0 3 9.845108e+00 2.088469e+01 -2.148679e+03 1.000000e+00 0.000000e+00 0.000000e+00 0.000000e+00 4.000000e+01 7.998699e+01 1.732102e+01 1.513010e+02 1.513010e+02 4.747578e+03
1 3 -4.922554e+00 -1.044235e+01 -2.197657e+03 1.000000e+00 0.000000e+00 0.000000e+00 0.000000e+00 4.000000e+01 7.998699e+01 1.732102e+01 1.513010e+02 1.513010e+02 4.747578e+03
1 3 -4.922554e+00 -1.044235e+01 -2.099700e+03 1.000000e+00 0.000000e+00 0.000000e+00 0.000000e+00 4.000000e+01 7.998699e+01 1.732102e+01 1.513010e+02 1.513010e+02 4.747578e+03
0 6 9.845108e+00 2.088469e+01 -2.032534e+03 1.000000e+00 0.000000e+00 0.000000e+00 0.000000e+00 4.000000e+01 7.998699e+01 1.732102e+01 1.513010e+02 1.513010e+02 4.747578e+03
1 6 -4.922554e+00 -1.044235e+01 -2.081512e+03 1.000000e+00 0.000000e+00 0.000000e+00 0.000000e+00 4.000000e+01 7.998699e+01 1.732102e+01 1.513010e+02 1.513010e+02 4.747578e+03
1 6 -4.922554e+00 -1.044235e+01 -1.983555e+03 1.000000e+00 0.000000e+00 0.000000e+00 0.000000e+00 4.000000e+01 7.998699e+01 1.732102e+01 1.513010e+02 1.513010e+02 4.747578e+03
0 9 9.845108e+00 2.088469e+01 -1.916389e+03 1.000000e+00 0.000000e+00 0.000000e+00 0.000000e+00 4.000000e+01 7.998699e+01 1.732102e+01 1.513010e+02 1.513010e+02 4.747578e+03
1 9 -4.922554e+00 -1.044235e+01 -1.965368e+03 1.000000e+00 0.000000e+00 0.000000e+00 0.000000e+00 4.000000e+01 7.998699e+01 1.732102e+01 1.513010e+02 1.513010e+02 4.747578e+03
1 9 -4.922554e+00 -1.044235e+01 -1.867410e+03 1.000000e+00 0.000000e+00 0.000000e+00 0.000000e+00 4.000000e+01 7.998699e+01 1.732102e+01 1.513010e+02 1.513010e+02 4.747578e+03
0 12 9.845108e+00 2.088469e+01 -1.800244e+03 1.000000e+00 0.000000e+00 0.000000e+00 0.000000e+00 4.000000e+01 7.998699e+01 1.732102e+01 1.513010e+02 1.513010e+02 4.747578e+03
1 12 -4.922554e+00 -1.044235e+01 -1.849223e+03 1.000000e+00 0.000000e+00 0.000000e+00 0.000000e+00 4.000000e+01 7.998699e+01 1.732102e+01 1.513010e+02 1.513010e+02 4.747578e+03
1 12 -4.922554e+00 -1.044235e+01 -1.751265e+03 1.000000e+00 0.000000e+00 0.000000e+00 0.000000e+00 4.000000e+01 7.998699e+01 1.732102e+01 1.513010e+02 1.513010e+02 4.747578e+03
0 15 9.845108e+00 2.088469e+01 -1.684100e+03 1.000000e+00 0.000000e+00 0.000000e+00 0.000000e+00 4.000000e+01 7.998699e+01 1.732102e+01 1.513010e+02 1.513010e+02 4.747578e+03
1 15 -4.922554e+00 -1.044235e+01 -1.733078e+03 1.000000e+00 0.000000e+00 0.000000e+00 0.000000e+00 4.000000e+01 7.998699e+01 1.732102e+01 1.513010e+02 1.513010e+02 4.747578e+03
1 15 -4.922554e+00 -1.044235e+01 -1.635120e+03 1.000000e+00 0.000000e+00 0.000000e+00 0.000000e+00 4.000000e+01 7.998699e+01 1.732102e+01 1.513010e+02 1.513010e+02 4.747578e+03
0 18 9.845108e+00 2.088469e+01 -1.567955e+03 1.000000e+00 0.000000e+00 0.000000e+00 0.000000e+00 4.000000e+01 7.998699e+01 1.732102e+01 1.513010e+02 1.513010e+02 4.747578e+03
1 18 -4.922554e+00 -1.044235e+01 -1.616933e+03 1.000000e+00 0.000000e+00 0.000000e+00 0.000000e+00 4.000000e+01 7.998699e+01 1.732102e+01 1.513010e+02 1.513010e+02 4.747578e+03
1 18 -4.922554e+00 -1.044235e+01 -1.518976e+03 1.000000e+00 0.000000e+00 0.000000e+00 0.000000e+00 4.000000e+01 7.998699e+01 1.732102e+01 1.513010e+02 1.513010e+02 4.747578e+03
0 21 9.845108e+00 2.088469e+01 -1.451810e+03 1.000000e+00 0.000000e+00 0.000000e+00 0.000000e+00 4.000000e+01 7.998699e+01 1.732102e+01 1.513010e+02 1.513010e+02 4.747578e+03
1 21 -4.922554e+00 -1.044235e+01 -1.500789e+03 1.000000e+00 0.000000e+00 0.000000e+00 0.000000e+00 4.000000e+01 7.998699e+01 1.732102e+01 1.513010e+02 1.513010e+02 4.747578e+03
1 21 -4.922554e+00 -1.044235e+01 -1.402831e+03 1.000000e+00 0.000000e+00 0.000000e+00 0.000000e+00 4.000000e+01 7.998699e+01 1.732102e+01 1.513010e+02 1.513010e+02 4.747578e+03
0 24 9.845108e+00 2.088469e+01 -1.335665e+03 1.000000e+00 0.000000e+00 0.000000e+00 0.000000e+00 4.000000e+01 7.998699e+01 1.732102e+01 1.513010e+02 1.513010e+02 4.747578e+03
1 24 -4.922554e+00 -1.044235e+01 -1.384644e+03 1.000000e+00 0.000000e+00 0.000000e+00 0.000000e+00 4.000000e+01 7.998699e+01 1.732102e+01 1.513010e+02 1.513010e+02 4.747578e+03
1 24 -4.922554e+00 -1.044235e+01 -1.286686e+03 1.000000e+00 0.000000e+00 0.000000e+00 0.000000e+00 4.000000e+01 7.998699e+01 1.732102e+01 1.513010e+02 1.513010e+02 4.747578e+03
0 27 9.845108e+00 2.088469e+01 -1.219520e+03 1.000000e+00 0.000000e+00 0.000000e+00 0.000000e+00 4.000000e+01 7.998699e+01 1.732102e+01 1.513010e+02 1.513010e+02 4.747578e+03
1 27 -4.922554e+00 -1.044235e+01 -1.268499e+03 1.000000e+00 0.000000e+00 0.000000e+00 0.000000e+00 4.000000e+01 7.998699e+01 1.732102e+01 1.513010e+02 1.513010e+02 4.747578e+03
1 27 -4.922554e+00 -1.044235e+01 -1.170541e+03 1.000000e+00 0.000000e+00 0.000000e+00 0.000000e+00 4.000000e+01 7.998699e+01 1.732102e+01 1.513010e+02 1.513010e+02 4.747578e+03
0 30 9.845108e+00 2.088469e+01 -1.103376e+03 1.000000e+00 0.000000e+00 0.000000e+00 0.000000e+00 4.000000e+01 7.998699e+01 1.732102e+01 1.513010e+02 1.513010e+02 4.747578e+03
1 30 -4.922554e+00 -1.044235e+01 -1.152354e+03 1.000000e+00 0.000000e+00 0.000000e+00 0.000000e+00 4.000000e+01 7.998699e+01 1.732102e+01 1.513010e+02 1.513010e+02 4.747578e+03
1 30 -4.922554e+00 -1.044235e+01 -1.054396e+03 1.000000e+00 0.000000e+00 0.000000e+00 0.000000e+00 4.000000e+01 7.998699e+01 1.732102e+01 1.513010e+02 1.513010e+02 4.747578e+03
0 33 9.845108e+00 2.088469e+01 -9.872309e+02 1.000000e+00 0.000000e+00 0.000000e+00 0.000000e+00 4.000000e+01 7.998699e+01 1.732102e+01 1.513010e+02 1.513010e+02 4.747578e+03
1 33 -4.922554e+00 -1.044235e+01 -1.036209e+03 1.000000e+00 0.000000e+00 0.000000e+00 0.000000e+00 4.000000e+01 7.998699e+01 1.732102e+01 1.513010e+02 1.513010e+02 4.747578e+03
1 33 -4.922554e+00 -1.044235e+01 -9.382517e+02 1.000000e+00 0.000000e+00 0.000000e+00 0.000000e+00 4.000000e+01 7.998699e+01 1.732102e+01 1.513010e+02 1.513010e+02 4.747578e+03
0 36 9.845108e+00 2.088469e+01 -8.710861e+02 1.000000e+00 0.000000e+00 0.000000e+00 0.000000e+00 4.000000e+01 7.998699e+01 1.732102e+01 1.513010e+02 1.513010e+02 4.747578e+03
1 36 -4.922554e+00 -1.044235e+01 -9.200646e+02 1.000000e+00 0.000000e+00 0.000000e+00 0.000000e+00 4.000000e+01 7.998699e+01 1.732102e+01 1.513010e+02 1.513010e+02 4.747578e+03
1 36 -4.922554e+00 -1.044235e+01 -8.221069e+02 1.000000e+00 0.000000e+00 0.000000e+00 0.000000e+00 4.000000e+01 7.998699e+01 1.732102e+01 1.513010e+02 1.513010e+02 4.747578e+03
0 39 9.845108e+00 2.088469e+01 -7.549413e+02 1.000000e+00 0.000000e+00 0.000000e+00 0.000000e+00 4.000000e+01 7.998699e+01 1.732102e+01 1.513010e+02 1.513010e+02 4.747578e+03
1 39 -4.922554e+00 -1.044235e+01 -8.039198e+02 1.000000e+00 0.000000e+00 0.000000e+00 0.000000e+00 4.000000e+01 7.998699e+01 1.732102e+01 1.513010e+02 1.513010e+02 4.747578e+03
1 39 -4.922554e+00 -1.044235e+01 -7.059621e+02 1.000000e+00 0.000000e+00 0.000000e+00 0.000000e+00 4.000000e+01 7.998699e+01 1.732102e+01 1.513010e+02 1.513010e+02 4.747578e+03
0 42 9.845108e+00 2.088469e+01 -6.387965e+02 1.000000e+00 0.000000e+00 0.000000e+00 0.000000e+00 4.000000e+01 7.998699e+01 1.732102e+01 1.513010e+02 1.513010e+02 4.747578e+03
1 42 -4.922554e+00 -1.044235e+01 -6.877750e+02 1.000000e+00 0.000000e+00 0.000000e+00 0.000000e+00 4.000000e+01 7.998699e+01 1.732102e+01 1.513010e+02 1.513010e+02 4.747578e+03
1 42 -4.922554e+00 -1.044235e+01 -5.898173e+02 1.000000e+00 0.000000e+00 0.000000e+00 0.000000e+00 4.000000e+01 7.998699e+01 1.732102e+01 1.513010e+02 1.513010e+02 4.747578e+03
0 45 9.845108e+00 2.088469e+01 -5.226517e+02 1.000000e+00 0.000000e+00 0.000000e+00 0.000000e+00 4.000000e+01 7.998699e+01 1.732102e+01 1.513010e+02 1.513010e+02 4.747578e+03
1 45 -4.922554e+00 -1.044235e+01 -5.716303e+02 1.000000e+00 0.000000e+00 0.000000e+00 0.000000e+00 4.000000e+01 7.998699e+01 1.732102e+01 1.513010e+02 1.513010e+02 4.747578e+03
1 45 -4.922554e+00 -1.044235e+01 -4.736726e+02 1.000000e+00 0.000000e+00 0.000000e+00 0.000000e+00 4.000000e+01 7.998699e+01 1.732102e+01 1.513010e+02 1.513010e+02 4.747578e+03
0 48 9.845108e+00 2.088469e+01 -4.065070e+02 1.000000e+00 0.000000e+00 0.000000e+00 0.000000e+00 4.000000e+01 7.998699e+01 1.732102e+01 1.513010e+02 1.513010e+02 4.747578e+03
1 48 -4.922554e+00 -1.044235e+01 -4.554855e+02 1.000000e+00 0.000000e+00 0.000000e+00 0.000000e+00 4.000000e+01 7.998699e+01 1.732102e+01 1.513010e+02 1.513010e+02 4.747578e+03
1 48 -4.922554e+00 -1.044235e+01 -3.575278e+02 1.000000e+00 0.000000e+00 0.000000e+00 0.000000e+00 4.000000e+01 7.998699e+01 1.732102e+01 1.513010e+02 1.513010e+02 4.747578e+03
0 51 9.845108e+00 2.088469e+01 -2.903622e+02 1.000000e+00 0.000000e+00 0.000000e+00 0.000000e+00 4.000000e+01 7.998699e+01 1.732102e+01 1.513010e+02 1.513010e+02 4.747578e+03
1 51 -4.922554e+00 -1.044235e+01 -3.393407e+02 1.000000e+00 0.000000e+00 0.000000e+00 0.000000e+00 4.000000e+01 7.998699e+01 1.732102e+01 1.513010e+02 1.513010e+02 4.747578e+03
1 51 -4.922554e+00 -1.044235e+01 -2.413830e+02 1.000000e+00 0.000000e+00 0.000000e+00 0.000000e+00 4.000000e+01 7.998699e+01 1.732102e+01 1.513010e+02 1.513010e+02 4.747578e+03
0 54 9.845108e+00 2.088469e+01 -1.742174e+02 1.000000e+00 0.000000e+00 0.000000e+00 0.000000e+00 4.000000e+01 7.998699e+01 1.732102e+01 1.513010e+02 1.513010e+02 4.747578e+03
1 54 -4.922554e+00 -1.044235e+01 -2.231959e+02 1.000000e+00 0.000000e+00 0.000000e+00 0.000000e+00 4.000000e+01 7.998699e+01 1.732102e+01 1.513010e+02 1.513010e+02 4.747578e+03
1 54 -4.922554e+00 -1.044235e+01 -1.252382e+02 1.000000e+00 0.000000e+00 0.000000e+00 0.000000e+00 4.000000e+01 7.998699e+01 1.732102e+01 1.513010e+02 1.513010e+02 4.747578e+03
0 57 9.845108e+00 2.088469e+01 -5.807261e+01 1.000000e+00 0.000000e+00 0.000000e+00 0.000000e+00 4.000000e+01 7.998699e+01 1.732102e+01 1.513010e+02 1.513010e+02 4.747578e+03
1 57 -4.922554e+00 -1.044235e+01 -1.070511e+02 1.000000e+00 0.000000e+00 0.000000e+00 0.000000e+00 4.000000e+01 7.998699e+01 1.732102e+01 1.513010e+02 1.513010e+02 4.747578e+03
1 57 -4.922554e+00 -1.044235e+01 -9.093423e+00 1.000000e+00 0.000000e+00 0.000000e+00 0.000000e+00 4.000000e+01 7.998699e+01 1.732102e+01 1.513010e+02 1.513010e+02 4.747578e+03
0 60 9.845108e+00 2.088469e+01 5.807217e+01 1.000000e+00 0.000000e+00 0.000000e+00 0.000000e+00 4.000000e+01 7.998699e+01 1.732102e+01 1.513010e+02 1.513010e+02 4.747578e+03
1 60 -4.922554e+00 -1.044235e+01 9.093644e+00 1.000000e+00 0.000000e+00 0.000000e+00 0.000000e+00 4.000000e+01 7.998699e+01 1.732102e+01 1.513010e+02 1.513010e+02 4.747578e+03
1 60 -4.922554e+00 -1.044235e+01 1.070514e+02 1.000000e+00 0.000000e+00 0.000000e+00 0.000000e+00 4.000000e+01 7.998699e+01 1.732102e+01 1.513010e+02 1.513010e+02 4.747578e+03
0 63 9.845108e+00 2.088469e+01 1.742170e+02 1.000000e+00 0.000000e+00 0.000000e+00 0.000000e+00 4.000000e+01 7.998699e+01 1.732102e+01 1.513010e+02 1.513010e+02 4.747578e+03
1 63 -4.922554e+00 -1.044235e+01 1.252384e+02 1.000000e+00 0.000000e+00 0.000000e+00 0.000000e+00 4.000000e+01 7.998699e+01 1.732102e+01 1.513010e+02 1.513010e+02 4.747578e+03
1 63 -4.922554e+00 -1.044235e+01 2.231961e+02 1.000000e+00 0.000000e+00 0.000000e+00 0.000000e+00 4.000000e+01 7.998699e+01 1.732102e+01 1.513010e+02 1.513010e+02 4.747578e+03
0 66 9.845108e+00 2.088469e+01 2.903617e+02 1.000000e+00 0.000000e+00 0.000000e+00 0.000000e+00 4.000000e+01 7.998699e+01 1.732102e+01 1.513010e+02 1.513010e+02 4.747578e+03
1 66 -4.922554e+00 -1.044235e+01 2.413832e+02 1.000000e+00 0.000000e+00 0.000000e+00 0.000000e+00 4.000000e+01 7.998699e+01 1.732102e+01 1.513010e+02 1.513010e+02 4.747578e+03
1 66 -4.922554e+00 -1.044235e+01 3.393409e+02 1.000000e+00 0.000000e+00 0.000000e+00 0.000000e+00 4.000000e+01 7.998699e+01 1.732102e+01 1.513010e+02 1.513010e+02 4.747578e+03
0 69 9.845108e+00 2.088469e+01 4.065065e+02 1.000000e+00 0.000000e+00 0.000000e+00 0.000000e+00 4.000000e+01 7.998699e+01 1.732102e+01 1.513010e+02 1.513010e+02 4.747578e+03
1 69 -4.922554e+00 -1.044235e+01 3.575280e+02 1.000000e+00 0.000000e+00 0.000000e+00 0.000000e+00 4.000000e+01 7.998699e+01 1.732102e+01 1.513010e+02 1.513010e+02 4.747578e+03
1 69 -4.922554e+00 -1.044235e+01 4.554857e+02 1.000000e+00 0.000000e+00 0.000000e+00 0.000000e+00 4.000000e+01 7.998699e+01 1.732102e+01 1.513010e+02 1.513010e+02 4.747578e+03
0 72 9.845108e+00 2.088469e+01 5.226513e+02 1.000000e+00 0.000000e+00 0.000000e+00 0.000000e+00 4.000000e+01 7.998699e+01 1.732102e+01 1.513010e+02 1.513010e+02 4.747578e+03
1 72 -4.922554e+00 -1.044235e+01 4.736728e+02 1.000000e+00 0.000000e+00 0.000000e+00 0.000000e+00 4.000000e+01 7.998699e+01 1.732102e+01 1.513010e+02 1.513010e+02 4.747578e+03
1 72 -4.922554e+00 -1.044235e+01 5.716305e+02 1.000000e+00 0.000000e+00 0.000000e+00 0.000000e+00 4.000000e+01 7.998699e+01 1.732102e+01 1.513010e+02 1.513010e+02 4.747578e+03
0 75 9.845108e+00 2.088469e+01 6.387961e+02 1.000000e+00 0.000000e+00 0.000000e+00 0.000000e+00 4.000000e+01 7.998699e+01 1.732102e+01 1.513010e+02 1.513010e+02 4.747578e+03
1 75 -4.922554e+00 -1.044235e+01 5.898176e+02 1.000000e+00 0.000000e+00 0.000000e+00 0.000000e+00 4.000000e+01 7.998699e+01 1.732102e+01 1.513010e+02 1.513010e+02 4.747578e+03
1 75 -4.922554e+00 -1.044235e+01 6.877753e+02 1.000000e+00 0.000000e+00 0.000000e+00 0.000000e+00 4.000000e+01 7.998699e+01 1.732102e+01 1.513010e+02 1.513010e+02 4.747578e+03
0 78 9.845108e+00 2.088469e+01 7.549409e+02 1.000000e+00 0.000000e+00 0.000000e+00 0.000000e+00 4.000000e+01 7.998699e+01 1.732102e+01 1.513010e+02 1.513010e+02 4.747578e+03
1 78 -4.922554e+00 -1.044235e+01 7.059623e+02 1.000000e+00 0.000000e+00 0.000000e+00 0.000000e+00 4.000000e+01 7.998699e+01 1.732102e+01 1.513010e+02 1.513010e+02 4.747578e+03
1 78 -4.922554e+00 -1.044235e+01 8.039201e+02 1.000000e+00 0.000000e+00 0.000000e+00 0.000000e+00 4.000000e+01 7.998699e+01 1.732102e+01 1.513010e+02 1.513010e+02 4.747578e+03
0 81 9.845108e+00 2.088469e+01 8.710856e+02 1.000000e+00 0.000000e+00 0.000000e+00 0.000000e+00 4.000000e+01 7.998699e+01 1.732102e+01 1.513010e+02 1.513010e+02 4.747578e+03
1 81 -4.922554e+00 -1.044235e+01 8.221071e+02 1.000000e+00 0.000000e+00 0.000000e+00 0.000000e+00 4.000000e+01 7.998699e+01 1.732102e+01 1.513010e+02 1.513010e+02 4.747578e+03
1 81 -4.922554e+00 -1.044235e+01 9.200648e+02 1.000000e+00 0.000000e+00 0.000000e+00 0.000000e+00 4.000000e+01 7.998699e+01 1.732102e+01 1.513010e+02 1.513010e+02 4.747578e+03
0 84 9.845108e+00 2.088469e+01 9.872304e+02 1.000000e+00 0.000000e+00 0.000000e+00 0.000000e+00 4.000000e+01 7.998699e+01 1.732102e+01 1.513010e+02 1.513010e+02 4.747578e+03
1 84 -4.922554e+00 -1.044235e+01 9.382519e+02 1.000000e+00 0.000000e+00 0.000000e+00 0.000000e+00 4.000000e+01 7.998699e+01 1.732102e+01 1.513010e+02 1.513010e+02 4.747578e+03
1 84 -4.922554e+00 -1.044235e+01 1.036210e+03 1.000000e+00 0.000000e+00 0.000000e+00 0.000000e+00 4.000000e+01 7.998699e+01 1.732102e+01 1.513010e+02 1.513010e+02 4.747578e+03
0 87 9.845108e+00 2.088469e+01 1.103375e+03 1.000000e+00 0.000000e+00 0.000000e+00 0.000000e+00 4.000000e+01 7.998699e+01 1.732102e+01 1.513010e+02 1.513010e+02 4.747578e+03
1 87 -4.922554e+00 -1.044235e+01 1.054397e+03 1.000000e+00 0.000000e+00 0.000000e+00 0.000000e+00 4.000000e+01 7.998699e+01 1.732102e+01 1.513010e+02 1.513010e+02 4.747578e+03
1 87 -4.922554e+00 -1.044235e+01 1.152354e+03 1.000000e+00 0.000000e+00 0.000000e+00 0.000000e+00 4.000000e+01 7.998699e+01 1.732102e+01 1.513010e+02 1.513010e+02 4.747578e+03
0 90 9.845108e+00 2.088469e+01 1.219520e+03 1.000000e+00 0.000000e+00 0.000000e+00 0.000000e+00 4.000000e+01 7.998699e+01 1.732102e+01 1.513010e+02 1.513010e+02 4.747578e+03
1 90 -4.922554e+00 -1.044235e+01 1.170541e+03 1.000000e+00 0.000000e+00 0.000000e+00 0.000000e+00 4.000000e+01 7.998699e+01 1.732102e+01 1.513010e+02 1.513010e+02 4.747578e+03
1 90 -4.922554e+00 -1.044235e+01 1.268499e+03 1.000000e+00 0.000000e+00 0.000000e+00 0.000000e+00 4.000000e+01 7.998699e+01 1.732102e+01 1.513010e+02 1.513010e+02 4.747578e+03
0 93 9.845108e+00 2.088469e+01 1.335665e+03 1.000000e+00 0.000000e+00 0.000000e+00 0.000000e+00 4.000000e+01 7.998699e+01 1.732102e+01 1.513010e+02 1.513010e+02 4.747578e+03
1 93 -4.922554e+00 -1.044235e+01 1.286686e+03 1.000000e+00 0.000000e+00 0.000000e+00 0.000000e+00 4.000000e+01 7.998699e+01 1.732102e+01 1.513010e+02 1.513010e+02 4.747578e+03
1 93 -4.922554e+00 -1.044235e+01 1.384644e+03 1.000000e+00 0.000000e+00 0.000000e+00 0.000000e+00 4.000000e+01 7.998699e+01 1.732102e+01 1.513010e+02 1.513010e+02 4.747578e+03
0 96 9.845108e+00 2.088469e+01 1.451810e+03 1.000000e+00 0.000000e+00 0.000000e+00 0.000000e+00 4.000000e+01 7.998699e+01 1.732102e+01 1.513010e+02 1.513010e+02 4.747578e+03
1 96 -4.922554e+00 -1.044235e+01 1.402831e+03 1.000000e+00 0.000000e+00 0.000000e+00 0.000000e+00 4.000000e+01 7.998699e+01 1.732102e+01 1.513010e+02 1.513010e+02 4.747578e+03
1 96 -4.922554e+00 -1.044235e+01 1.500789e+03 1.000000e+00 0.000000e+00 0.000000e+00 0.000000e+00 4.000000e+01 7.998699e+01 1.732102e+01 1.513010e+02 1.513010e+02 4.747578e+03
0 99 9.845108e+00 2.088469e+01 1.567954e+03 1.000000e+00 0.000000e+00 0.000000e+00 0.000000e+00 4.000000e+01 7.998699e+01 1.732102e+01 1.513010e+02 1.513010e+02 4.747578e+03
1 99 -4.922554e+00 -1.044235e+01 1.518976e+03 1.000000e+00 0.000000e+00 0.000000e+00 0.000000e+00 4.000000e+01 7.998699e+01 1.732102e+01 1.513010e+02 1.513010e+02 4.747578e+03
1 99 -4.922554e+00 -1.044235e+01 1.616934e+03 1.000000e+00 0.000000e+00 0.000000e+00 0.000000e+00 4.000000e+01 7.998699e+01 1.732102e+01 1.513010e+02 1.513010e+02 4.747578e+03
0 102 9.845108e+00 2.088469e+01 1.684099e+03 1.000000e+00 0.000000e+00 0.000000e+00 0.000000e+00 4.000000e+01 7.998699e+01 1.732102e+01 1.513010e+02 1.513010e+02 4.747578e+03
1 102 -4.922554e+00 -1.044235e+01 1.635121e+03 1.000000e+00 0.000000e+00 0.000000e+00 0.000000e+00 4.000000e+01 7.998699e+01 1.732102e+01 1.513010e+02 1.513010e+02 4.747578e+03
1 102 -4.922554e+00 -1.044235e+01 1.733078e+03 1.000000e+00 0.000000e+00 0.000000e+00 0.000000e+00 4.000000e+01 7.998699e+01 1.732102e+01 1.513010e+02 1.513010e+02 4.747578e+03
0 105 9.845108e+00 2.088469e+01 1.800244e+03 1.000000e+00 0.000000e+00 0.000000e+00 0.000000e+00 4.000000e+01 7.998699e+01 1.732102e+01 1.513010e+02 1.513010e+02 4.747578e+03
1 105 -4.922554e+00 -1.044235e+01 1.751265e+03 1.000000e+00 0.000000e+00 0.000000e+00 0.000000e+00 4.000000e+01 7.998699e+01 1.732102e+01 1.513010e+02 1.513010e+02 4.747578e+03
1 105 -4.922554e+00 -1.044235e+01 1.849223e+03 1.000000e+00 0.000000e+00 0.000000e+00 0.000000e+00 4.000000e+01 7.998699e+01 1.732102e+01 1.513010e+02 1.513010e+02 4.747578e+03
0 108 9.845108e+00 2.088469e+01 1.916389e+03 1.000000e+00 0.000000e+00 0.000000e+00 0.000000e+00 4.000000e+01 7.998699e+01 1.732102e+01 1.513010e+02 1.513010e+02 4.747578e+03
1 108 -4.922554e+00 -1.044235e+01 1.867410e+03 1.000000e+00 0.000000e+00 0.000000e+00 0.000000e+00 4.000000e+01 7.998699e+01 1.732102e+01 1.513010e+02 1.513010e+02 4.747578e+03
1 108 -4.922554e+00 -1.044235e+01 1.965368e+03 1.000000e+00 0.000000e+00 0.000000e+00 0.000000e+00 4.000000e+01 7.998699e+01 1.732102e+01 1.513010e+02 1.513010e+02 4.747578e+03
0 111 9.845108e+00 2.088469e+01 2.032533e+03 1.000000e+00 0.000000e+00 0.000000e+00 0.000000e+00 4.000000e+01 7.998699e+01 1.732102e+01 1.513010e+02 1.513010e+02 4.747578e+03
1 111 -4.922554e+00 -1.044235e+01 1.983555e+03 1.000000e+00 0.000000e+00 0.000000e+00 0.000000e+00 4.000000e+01 7.998699e+01 1.732102e+01 1.513010e+02 1.513010e+02 4.747578e+03
1 111 -4.922554e+00 -1.044235e+01 2.081513e+03 1.000000e+00 0.000000e+00 0.000000e+00 0.000000e+00 4.000000e+01 7.998699e+01 1.732102e+01 1.513010e+02 1.513010e+02 4.747578e+03
0 114 9.845108e+00 2.088469e+01 2.148678e+03 1.000000e+00 0.000000e+00 0.000000e+00 0.000000e+00 4.000000e+01 7.998699e+01 1.732102e+01 1.513010e+02 1.513010e+02 4.747578e+03
1 114 -4.922554e+00 -1.044235e+01 2.099700e+03 1.000000e+00 0.000000e+00 0.000000e+00 0.000000e+00 4.000000e+01 7.998699e+01 1.732102e+01 1.513010e+02 1.513010e+02 4.747578e+03
1 114 -4.922554e+00 -1.044235e+01 2.197657e+03 1.000000e+00 0.000000e+00 0.000000e+00 0.000000e+00 4.000000e+01 7.998699e+01 1.732102e+01 1.513010e+02 1.513010e+02 4.747578e+03
0 117 9.845108e+00 2.088469e+01 2.264823e+03 1.000000e+00 0.000000e+00 0.000000e+00 0.000000e+00 4.000000e+01 7.998699e+01 1.732102e+01 1.513010e+02 1.513010e+02 4.747578e+03
1 117 -4.922554e+00 -1.044235e+01 2.215845e+03 1.000000e+00 0.000000e+00 0.000000e+00 0.000000e+00 4.000000e+01 7.998699e+01 1.732102e+01 1.513010e+02 1.513010e+02 4.747578e+03
1 117 -4.922554e+00 -1.044235e+01 2.313802e+03 1.000000e+00 0.000000e+00 0.000000e+00 0.000000e+00 4.000000e+01 7.998699e+01 1.732102e+01 1.513010e+02 1.513010e+02 4.747578e+03
